216
6.928223	6.928223	6.928223	
0.000000	0.000000	0.000000	-0.733239	0.564983	-0.118536	0.359311	
0.000000	1.154704	1.154704	-0.205231	0.376768	-0.891314	0.146578	
1.154704	0.000000	1.154704	0.317033	-0.629232	-0.652541	-0.278831	
1.154704	1.154704	0.000000	0.629061	0.240543	0.676386	0.298201	
1.732056	1.732056	1.732056	-0.448036	0.105859	-0.574679	0.676610	
1.732056	0.577352	0.577352	0.497881	0.605628	-0.176207	-0.595215	
0.577352	1.732056	0.577352	0.274660	0.659217	0.645732	-0.270232	
0.577352	0.577352	1.732056	0.094231	0.432308	0.699715	0.560919	
0.000000	0.000000	2.309408	0.754253	0.347466	0.467617	-0.302828	
0.000000	1.154704	3.464111	0.239836	-0.339641	0.902989	-0.108323	
1.154704	0.000000	3.464111	0.404598	0.258700	0.082438	0.873258	
1.154704	1.154704	2.309408	-0.239213	0.829785	-0.205062	-0.460635	
1.732056	1.732056	4.041463	0.679851	-0.251164	0.302690	0.618949	
1.732056	0.577352	2.886759	-0.431164	-0.252270	0.814584	-0.294804	
0.577352	1.732056	2.886759	-0.665989	0.285860	-0.634488	0.268639	
0.577352	0.577352	4.041463	-0.570775	0.702549	0.414165	-0.095436	
0.000000	0.000000	4.618815	0.158976	-0.581166	0.344477	-0.719937	
0.000000	1.154704	5.773519	-0.297091	0.647430	-0.637141	-0.294317	
1.154704	0.000000	5.773519	-0.250793	0.623577	-0.316744	0.669275	
1.154704	1.154704	4.618815	-0.084720	0.446400	-0.684243	0.570404	
1.732056	1.732056	6.350871	-0.674781	0.330988	0.618038	-0.230536	
1.732056	0.577352	5.196167	-0.342310	-0.744533	0.441157	-0.365890	
0.577352	1.732056	5.196167	-0.140031	0.885287	0.375215	-0.236371	
0.577352	0.577352	6.350871	0.364314	-0.210668	0.114958	-0.899821	
0.000000	2.309408	0.000000	0.302956	-0.802020	0.221839	0.464509	
0.000000	3.464111	1.154704	-0.647365	-0.303664	-0.639313	-0.282817	
1.154704	2.309408	1.154704	0.312040	-0.667890	-0.251275	0.627228	
1.154704	3.464111	0.000000	0.394275	0.259802	0.064558	0.879138	
1.732056	4.041463	1.732056	0.424683	0.312157	-0.800603	0.285020	
1.732056	2.886759	0.577352	0.614177	-0.241225	0.674533	-0.331062	
0.577352	4.041463	0.577352	0.928935	0.096362	0.184205	0.306371	
0.577352	2.886759	1.732056	-0.453672	-0.212684	-0.792227	0.348315	
0.000000	2.309408	2.309408	0.454266	0.110078	0.353427	0.810318	
0.000000	3.464111	3.464111	0.127779	0.897478	-0.358557	-0.222805	
1.154704	2.309408	3.464111	0.181596	0.462865	-0.337587	0.799258	
1.154704	3.464111	2.309408	0.381349	0.243318	-0.100873	-0.886112	
1.732056	4.041463	4.041463	-0.352216	0.223043	-0.167090	0.893463	
1.732056	2.886759	2.886759	-0.771484	-0.346423	0.174738	-0.504252	
0.577352	4.041463	2.886759	-0.164006	0.891455	-0.362249	0.217222	
0.577352	2.886759	4.041463	0.552302	-0.721155	0.404473	-0.106299	
0.000000	2.309408	4.618815	-0.893416	0.159664	-0.211227	0.362904	
0.000000	3.464111	5.773519	0.010570	-0.010074	0.368827	0.929383	
1.154704	2.309408	5.773519	-0.879622	-0.021903	0.170708	-0.443446	
1.154704	3.464111	4.618815	-0.194939	-0.939674	-0.244586	-0.138528	
1.732056	4.041463	6.350871	0.319507	0.500343	0.757720	-0.270983	
1.732056	2.886759	5.196167	0.698685	0.549476	-0.124739	-0.440857	
0.577352	4.041463	5.196167	-0.912620	-0.402165	0.044379	0.058466	
0.577352	2.886759	6.350871	0.417570	-0.080626	-0.585787	0.689919	
0.000000	4.618815	0.000000	0.207944	-0.351814	0.901480	-0.142548	
0.000000	5.773519	1.154704	-0.265242	0.643284	0.281161	-0.660894	
1.154704	4.618815	1.154704	0.336895	-0.799319	-0.193004	-0.458629	
1.154704	5.773519	0.000000	0.358393	-0.774200	0.205539	0.479503	
1.732056	6.350871	1.732056	-0.718577	-0.533555	0.103084	0.433981	
1.732056	5.196167	0.577352	0.633522	-0.272833	-0.274170	-0.670106	
0.577352	6.350871	0.577352	0.171210	-0.486414	-0.347870	-0.782991	
0.577352	5.196167	1.732056	0.853090	0.153507	-0.328241	-0.375408	
0.000000	4.618815	2.309408	-0.332600	-0.240675	0.114719	0.904595	
0.000000	5.773519	3.464111	0.345614	0.236793	-0.064698	-0.905701	
1.154704	4.618815	3.464111	-0.249061	0.407510	0.874734	-0.082125	
1.154704	5.773519	2.309408	-0.232512	-0.423671	0.330107	-0.810846	
1.732056	6.350871	4.041463	0.518092	-0.749227	-0.398338	0.107545	
1.732056	5.196167	2.886759	0.680614	-0.261598	0.277259	0.625666	
0.577352	6.350871	2.886759	0.597937	-0.249738	-0.621121	0.440807	
0.577352	5.196167	4.041463	-0.263795	-0.634265	-0.676349	0.265844	
0.000000	4.618815	4.618815	-0.062865	-0.012122	-0.376960	-0.924014	
0.000000	5.773519	5.773519	0.394340	0.257029	-0.101493	-0.876431	
1.154704	4.618815	5.773519	-0.395471	-0.267470	0.047415	0.877391	
1.154704	5.773519	4.618815	-0.090002	-0.433079	-0.481262	0.756789	
1.732056	6.350871	6.350871	0.393794	-0.054923	-0.578083	0.712552	
1.732056	5.196167	5.196167	-0.645391	0.206699	0.666957	-0.309699	
0.577352	6.350871	5.196167	-0.895100	-0.037686	-0.257594	-0.361968	
0.577352	5.196167	6.350871	0.691267	0.575013	0.100057	0.426027	
2.309408	0.000000	0.000000	-0.649123	-0.295238	0.658352	0.240926	
2.309408	1.154704	1.154704	0.778238	0.366343	-0.492038	0.134298	
3.464111	0.000000	1.154704	-0.501243	-0.707523	-0.490338	-0.087957	
3.464111	1.154704	0.000000	0.300074	-0.817095	-0.153363	-0.467750	
4.041463	1.732056	1.732056	0.285208	0.653789	-0.276221	-0.644141	
4.041463	0.577352	0.577352	-0.213625	0.447928	-0.346897	-0.795856	
2.886759	1.732056	0.577352	-0.249459	-0.391742	0.882023	0.079653	
2.886759	0.577352	1.732056	0.447241	0.229544	0.817531	-0.280942	
2.309408	0.000000	2.309408	-0.292811	0.815262	-0.258916	-0.427284	
2.309408	1.154704	3.464111	-0.802859	-0.339899	-0.475795	0.116213	
3.464111	0.000000	3.464111	-0.153415	-0.902901	0.354832	0.187958	
3.464111	1.154704	2.309408	-0.281510	0.634540	0.674181	0.252171	
4.041463	1.732056	4.041463	-0.834117	-0.488647	-0.016027	0.255375	
4.041463	0.577352	2.886759	0.033998	-0.039172	-0.419855	0.906108	
2.886759	1.732056	2.886759	0.416606	0.261040	-0.815059	0.306556	
2.886759	0.577352	4.041463	-0.888826	-0.131196	-0.203561	-0.389023	
2.309408	0.000000	4.618815	0.574307	0.664708	-0.465355	-0.108530	
2.309408	1.154704	5.773519	-0.642772	-0.479210	-0.561400	-0.205020	
3.464111	0.000000	5.773519	0.214820	-0.498201	-0.835868	-0.083505	
3.464111	1.154704	4.618815	-0.638390	-0.270293	-0.663935	-0.280340	
4.041463	1.732056	6.350871	0.263339	0.385070	-0.884029	-0.029452	
4.041463	0.577352	5.196167	-0.649937	0.296376	0.640473	-0.282024	
2.886759	1.732056	5.196167	-0.005719	-0.018213	-0.353146	0.935373	
2.886759	0.577352	6.350871	0.470479	0.199806	0.774142	-0.373406	
2.309408	2.309408	0.000000	0.697289	0.242532	0.270860	-0.617739	
2.309408	3.464111	1.154704	0.127682	0.908221	0.314700	0.244534	
3.464111	2.309408	1.154704	-0.643858	0.464961	0.537149	-0.284129	
3.464111	3.464111	0.000000	-0.472950	0.205801	-0.775084	-0.364978	
4.041463	4.041463	1.732056	0.017868	-0.022158	0.368695	-0.929114	
4.041463	2.886759	0.577352	0.682519	0.569428	-0.098201	-0.447522	
2.886759	4.041463	0.577352	-0.644450	0.279111	0.291039	0.649675	
2.886759	2.886759	1.732056	0.641139	-0.289378	0.652080	-0.282831	
2.309408	2.309408	2.309408	0.791483	0.339977	0.478686	-0.169796	
2.309408	3.464111	3.464111	0.425782	0.903695	0.031271	0.032659	
3.464111	2.309408	3.464111	-0.667355	-0.318229	-0.633543	-0.228015	
3.464111	3.464111	2.309408	0.469517	-0.180165	-0.786485	-0.358519	
4.041463	4.041463	4.041463	0.817111	-0.289878	0.449443	0.215176	
4.041463	2.886759	2.886759	0.160052	0.464860	0.619720	0.611747	
2.886759	4.041463	2.886759	0.033749	-0.027253	0.400106	-0.915442	
2.886759	2.886759	4.041463	-0.323795	-0.797345	-0.222098	0.458334	
2.309408	2.309408	4.618815	0.675650	0.264523	0.274810	-0.630876	
2.309408	3.464111	5.773519	0.756767	-0.514840	-0.075362	0.395682	
3.464111	2.309408	5.773519	0.371069	0.227446	0.152617	0.887290	
3.464111	3.464111	4.618815	-0.432236	0.258693	0.838120	0.209297	
4.041463	4.041463	6.350871	-0.244221	-0.408034	-0.873745	-0.102150	
4.041463	2.886759	5.196167	-0.677969	0.244868	0.267523	0.639397	
2.886759	4.041463	5.196167	-0.882264	-0.139533	-0.199233	-0.403047	
2.886759	2.886759	6.350871	0.167060	-0.901305	-0.337090	0.214734	
2.309408	4.618815	0.000000	0.265561	-0.667222	0.619334	0.317361	
2.309408	5.773519	1.154704	-0.517756	-0.790391	0.324161	0.046161	
3.464111	4.618815	1.154704	-0.419153	-0.401881	-0.288297	0.761372	
3.464111	5.773519	0.000000	0.182081	0.466864	0.300000	-0.811717	
4.041463	6.350871	1.732056	0.255197	0.638856	0.674833	-0.267092	
4.041463	5.196167	0.577352	0.002006	-0.236180	-0.812899	-0.532363	
2.886759	6.350871	0.577352	0.370327	0.782700	-0.115942	0.486617	
2.886759	5.196167	1.732056	0.714391	-0.299467	0.630349	-0.051243	
2.309408	4.618815	2.309408	0.071251	-0.399172	0.722956	-0.559392	
2.309408	5.773519	3.464111	0.020455	0.020259	0.403262	0.914632	
3.464111	4.618815	3.464111	-0.302125	0.668163	0.224694	-0.641709	
3.464111	5.773519	2.309408	-0.559180	-0.671093	-0.476322	-0.100344	
4.041463	6.350871	4.041463	-0.163164	0.901685	-0.340856	0.210140	
4.041463	5.196167	2.886759	-0.408330	0.090609	0.561077	-0.714318	
2.886759	6.350871	2.886759	0.685808	-0.268126	-0.264661	-0.622680	
2.886759	5.196167	4.041463	-0.431962	0.073606	-0.485804	0.756298	
2.309408	4.618815	4.618815	0.372089	0.230891	-0.113206	-0.891865	
2.309408	5.773519	5.773519	-0.286025	0.668489	-0.267376	0.632315	
3.464111	4.618815	5.773519	0.356843	0.216120	-0.108486	-0.902323	
3.464111	5.773519	4.618815	-0.302537	-0.162959	0.219202	0.913163	
4.041463	6.350871	6.350871	0.385774	-0.233855	0.118985	-0.884496	
4.041463	5.196167	5.196167	-0.378891	0.134032	0.623006	-0.671074	
2.886759	6.350871	5.196167	0.273650	0.656441	-0.660299	0.241261	
2.886759	5.196167	6.350871	-0.260366	-0.668630	-0.633102	0.290388	
4.618815	0.000000	0.000000	0.875356	-0.092682	-0.272102	0.388745	
4.618815	1.154704	1.154704	0.287042	-0.630646	0.310445	-0.650781	
5.773519	0.000000	1.154704	0.654928	0.298851	0.647254	0.250639	
5.773519	1.154704	0.000000	-0.076498	0.409810	-0.735105	0.534625	
6.350871	1.732056	1.732056	-0.040766	-0.541788	0.674649	0.499653	
6.350871	0.577352	0.577352	-0.011235	-0.031280	0.926243	0.375459	
5.196167	1.732056	0.577352	-0.449053	0.075928	-0.589020	0.667564	
5.196167	0.577352	1.732056	0.648987	-0.250883	-0.259777	-0.669619	
4.618815	0.000000	2.309408	0.076430	-0.440173	-0.703360	0.552893	
4.618815	1.154704	3.464111	0.343883	0.218310	0.176017	0.896160	
5.773519	0.000000	3.464111	-0.562940	-0.678708	0.456200	0.119733	
5.773519	1.154704	2.309408	-0.368372	-0.928927	0.036889	0.005932	
6.350871	1.732056	4.041463	0.259685	0.832172	-0.396871	-0.287311	
6.350871	0.577352	2.886759	-0.851505	-0.287542	0.136656	0.416635	
5.196167	1.732056	2.886759	-0.446076	0.072575	0.556285	-0.697349	
5.196167	0.577352	4.041463	-0.750134	-0.519391	0.111879	0.393719	
4.618815	0.000000	4.618815	0.081083	0.901075	-0.349650	-0.243382	
4.618815	1.154704	5.773519	0.783094	0.377244	-0.449252	0.206452	
5.773519	0.000000	5.773519	-0.881576	0.128426	-0.245878	0.381936	
5.773519	1.154704	4.618815	-0.088465	-0.896870	0.362880	0.236888	
6.350871	1.732056	6.350871	-0.887911	-0.102776	-0.218609	-0.391487	
6.350871	0.577352	5.196167	0.519940	-0.748111	0.396083	-0.114501	
5.196167	1.732056	5.196167	-0.104140	-0.442887	0.686273	0.567481	
5.196167	0.577352	6.350871	0.107080	0.431178	0.830335	0.336397	
4.618815	2.309408	0.000000	0.331787	0.253784	0.100216	0.903033	
4.618815	3.464111	1.154704	0.025055	0.903036	-0.351705	-0.245361	
5.773519	2.309408	1.154704	0.304213	-0.678257	0.233418	-0.626848	
5.773519	3.464111	0.000000	0.633610	-0.621812	0.082200	-0.452914	
6.350871	4.041463	1.732056	-0.402802	0.274850	-0.036461	0.872284	
6.350871	2.886759	0.577352	0.213708	0.620293	-0.708311	0.260501	
5.196167	4.041463	0.577352	0.381586	-0.239928	0.135595	-0.882293	
5.196167	2.886759	1.732056	-0.898903	-0.022837	-0.299900	-0.318610	
4.618815	2.309408	2.309408	-0.145488	0.398474	-0.680012	0.598026	
4.618815	3.464111	3.464111	-0.166630	-0.485295	-0.342264	0.787133	
5.773519	2.309408	3.464111	0.270501	-0.678043	0.616217	0.295573	
5.773519	3.464111	2.309408	-0.242303	0.617862	-0.697198	-0.271019	
6.350871	4.041463	4.041463	-0.270153	-0.627713	0.290670	0.669705	
6.350871	2.886759	2.886759	0.225033	-0.438977	0.370794	0.786874	
5.196167	4.041463	2.886759	-0.008516	-0.008742	-0.372760	0.927847	
5.196167	2.886759	4.041463	0.319968	0.805836	0.246534	-0.432977	
4.618815	2.309408	4.618815	0.359680	0.248900	-0.124349	-0.890627	
4.618815	3.464111	5.773519	-0.475620	0.144329	-0.791333	-0.356014	
5.773519	2.309408	5.773519	-0.050779	0.425199	0.275574	-0.860631	
5.773519	3.464111	4.618815	0.455941	-0.198082	0.791755	0.354972	
6.350871	4.041463	6.350871	-0.583543	0.123685	-0.753347	0.276854	
6.350871	2.886759	5.196167	-0.282201	-0.636661	0.672102	-0.251605	
5.196167	4.041463	5.196167	-0.264752	-0.669902	0.223829	0.656535	
5.196167	2.886759	6.350871	0.312900	0.648288	0.296507	0.627615	
4.618815	4.618815	0.000000	0.811479	0.329358	0.457480	-0.154070	
4.618815	5.773519	1.154704	0.098010	-0.452026	-0.805787	0.369830	
5.773519	4.618815	1.154704	0.321746	-0.671987	0.244302	-0.620669	
5.773519	5.773519	0.000000	-0.163368	-0.468716	0.365249	-0.787534	
6.350871	6.350871	1.732056	-0.377267	0.923781	0.055706	-0.034572	
6.350871	5.196167	0.577352	-0.107085	-0.262166	0.925110	0.252931	
5.196167	6.350871	0.577352	0.364533	-0.256262	0.085018	-0.891189	
5.196167	5.196167	1.732056	-0.084568	0.903342	-0.346859	0.237719	
4.618815	4.618815	2.309408	-0.906372	0.422465	0.000712	0.003496	
4.618815	5.773519	3.464111	0.601624	0.302833	-0.258954	0.692303	
5.773519	4.618815	3.464111	-0.462108	0.526744	-0.410690	0.583378	
5.773519	5.773519	2.309408	0.022425	-0.081921	-0.924060	0.372693	
6.350871	6.350871	4.041463	0.904051	0.084251	-0.240687	-0.343020	
6.350871	5.196167	2.886759	-0.229006	-0.659652	0.277801	0.659729	
5.196167	6.350871	2.886759	0.921807	0.382286	0.016785	0.062029	
5.196167	5.196167	4.041463	0.295255	-0.453393	0.298473	0.786240	
4.618815	4.618815	4.618815	0.163142	0.537316	-0.261037	0.785198	
4.618815	5.773519	5.773519	0.238217	0.438059	0.349614	-0.793175	
5.773519	4.618815	5.773519	-0.813024	-0.275482	0.461517	-0.223841	
5.773519	5.773519	4.618815	-0.783666	-0.352947	0.480814	-0.173537	
6.350871	6.350871	6.350871	-0.346743	-0.799890	-0.139561	0.469541	
6.350871	5.196167	5.196167	0.928006	0.371295	0.025929	0.016491	
5.196167	6.350871	5.196167	0.442068	0.057778	0.743481	-0.498471	
5.196167	5.196167	6.350871	0.054900	-0.905953	-0.347073	0.236167	
